__camera="HD720P Webcam"
camera="USB Camera"
pixel_size_800=0.018364
pixel_size_1200=0.01153
pixel_size_2592=0.00567917
